resetCanvas 800 800

setColor 253 112 111
drawPolygon p1 89 107 89 636 150 636 150 107 Bresenham

setColor 252 81 120
drawCurve c1 90 378 168 336 204 358 253 385 265 347 301 364 302 336 302 336 Bezier
drawCurve c2 89 411 167 369 203 391 252 418 264 380 300 397 301 369 301 369 Bezier

setColor 253 112 111
drawPolygon p2 239 111 239 640 300 640 300 111 Bresenham

setColor 126 156 255
drawLine l1 310 568 363 530 Bresenham
drawCurve c3 363 531 339 516 319 520 314 534 312 567 312 567 Bezier
drawCurve c4 380 522 341 498 320 516 308 519 303 573 304 568 304 568 Bezier
drawCurve c5 305 569 312 601 331 610 354 611 389 586 390 556 390 556 Bezier
drawCurve c6 382 524 320 576 320 576 Bezier
drawCurve c7 321 578 327 589 336 589 362 580 366 568 376 555 378 554 378 554 Bezier
drawLine l2 377 555 391 555 Bresenham

setColor 186 64 255
drawPolyline b1 437 439 437 439 437 441 425 506 419 548 419 602 419 620 420 623 423 623 440 622 450 618 451 617 Bresenham
drawPolyline b2 507 444 507 444 507 444 507 443 507 471 498 539 496 578 495 616 495 623 495 624 496 624 498 624 509 621 542 603 553 596 554 595 Bresenham

setColor 252 15 50
drawEllipse e1 557 633 678 512
drawEllipse e2 577 614 659 532
saveCanvas 0

resetCanvas 800 800

setColor 254 190 52
drawPolygon p3 121 84 120 425 148 426 148 276 199 276 200 430 226 430 226 274 226 84 196 84 198 243 149 243 149 84 149 84 Bresenham

setColor 78 147 255
drawLine l3 281 372 338 332 Bresenham
drawCurve c7 371 331 330 244 241 255 190 350 231 442 291 455 338 453 342 446 355 432 368 421 384 400 393 387 392 362 392 362 Bezier
drawLine l4 286 389 371 329 Bresenham
drawCurve c8 339 332 324 302 294 302 275 336 271 345 282 372 282 372 Bezier
drawCurve c9 288 390 306 415 333 414 356 395 366 369 365 360 365 360 Bezier
drawLine l5 364 362 392 362 Bresenham

setColor 252 14 254
drawPolygon p4 414 170 414 426 439 426 439 170 Bresenham
drawPolygon p5 472 170 472 426 497 426 497 170 Bresenham

setColor 252 33 64
drawEllipse e3 531 425 649 307
drawEllipse e4 547 409 635 321

setColor 0 0 0
drawPolyline b3 377 559 377 559 377 559 376 559 372 560 370 561 367 565 367 569 367 573 367 582 367 588 372 597 376 602 384 607 395 609 407 610 419 608 428 601 432 592 434 584 434 575 433 568 430 563 424 557 417 552 407 549 397 549 385 551 374 557 369 561 366 562 Bresenham
drawPolyline b4 449 562 449 562 449 561 449 562 449 581 449 601 449 611 449 611 449 609 449 595 449 577 456 564 462 555 465 552 466 552 467 552 470 556 474 560 479 563 485 563 497 560 503 555 Bresenham
drawPolyline b5 553 496 553 496 553 496 553 497 553 514 552 537 544 574 538 606 535 622 535 625 535 627 535 627 534 627 534 627 Bresenham
drawPolyline b6 621 583 621 583 622 583 621 582 618 580 614 578 604 578 589 578 581 578 578 580 575 586 572 598 570 615 569 625 569 634 571 638 580 640 588 640 597 640 606 634 614 619 621 601 628 580 634 563 639 547 641 536 643 526 645 518 646 514 646 512 646 512 646 512 646 512 647 511 648 508 649 507 649 506 649 506 648 508 645 516 639 530 633 542 628 553 623 565 621 572 619 581 618 590 620 599 623 606 624 612 626 618 628 622 629 624 631 627 633 628 634 629 636 630 639 631 643 631 649 632 650 632 Bresenham
drawEllipse e5 708 506 680 606
drawEllipse e6 681 647 706 622
drawLine l6 685 522 702 510 Bresenham
drawLine l7 683 534 706 521 Bresenham
drawLine l8 679 550 706 531 Bresenham
drawLine l9 680 560 708 543 Bresenham
drawLine l10 681 574 709 557 Bresenham
drawLine l11 684 588 707 573 Bresenham
drawLine l12 688 600 705 589 Bresenham
drawPolyline b7 224 480 224 480 224 482 223 491 221 501 221 511 221 522 221 532 221 543 221 549 224 556 227 561 229 564 233 569 239 573 242 577 244 579 246 580 248 581 252 581 261 576 268 567 274 555 279 548 280 545 282 543 282 543 282 543 282 543 282 542 283 542 283 542 283 542 283 543 283 545 283 552 283 557 283 564 284 568 284 570 286 571 289 574 291 576 295 579 297 580 300 582 303 582 306 582 311 580 318 574 325 566 331 553 337 541 342 532 350 522 357 508 364 495 369 484 371 480 372 479 372 478 Bresenham

saveCanvas 1

resetCanvas 800 800
setColor 254 190 52
drawPolygon p6 121 84 120 425 148 426 148 276 199 276 200 430 226 430 226 274 226 84 196 84 198 243 149 243 149 84 149 84 Bresenham
setColor 78 147 255
drawLine l13 281 372 338 332 Bresenham
drawCurve c10 371 331 330 244 241 255 190 350 231 442 291 455 338 453 342 446 355 432 368 421 384 400 393 387 392 362 392 362 Bezier
drawLine l14 286 389 371 329 Bresenham
drawCurve c11 339 332 324 302 294 302 275 336 271 345 282 372 282 372 Bezier
drawCurve c12 288 390 306 415 333 414 356 395 366 369 365 360 365 360 Bezier
drawLine l15 364 362 392 362 Bresenham
setColor 252 14 254
drawPolygon p7 414 170 414 426 439 426 439 170 Bresenham
drawPolygon p8 472 170 472 426 497 426 497 170 Bresenham
setColor 252 33 64
drawEllipse e7 531 425 649 307
drawEllipse e8 547 409 635 321
setColor 0 0 0
drawPolyline b8 377 559 377 559 377 559 376 559 372 560 370 561 367 565 367 569 367 573 367 582 367 588 372 597 376 602 384 607 395 609 407 610 419 608 428 601 432 592 434 584 434 575 433 568 430 563 424 557 417 552 407 549 397 549 385 551 374 557 369 561 366 562 Bresenham
drawPolyline b9 449 562 449 562 449 561 449 562 449 581 449 601 449 611 449 611 449 609 449 595 449 577 456 564 462 555 465 552 466 552 467 552 470 556 474 560 479 563 485 563 497 560 503 555 Bresenham
drawPolyline b10 553 496 553 496 553 496 553 497 553 514 552 537 544 574 538 606 535 622 535 625 535 627 535 627 534 627 534 627 Bresenham
drawPolyline b11 621 583 621 583 622 583 621 582 618 580 614 578 604 578 589 578 581 578 578 580 575 586 572 598 570 615 569 625 569 634 571 638 580 640 588 640 597 640 606 634 614 619 621 601 628 580 634 563 639 547 641 536 643 526 645 518 646 514 646 512 646 512 646 512 646 512 647 511 648 508 649 507 649 506 649 506 648 508 645 516 639 530 633 542 628 553 623 565 621 572 619 581 618 590 620 599 623 606 624 612 626 618 628 622 629 624 631 627 633 628 634 629 636 630 639 631 643 631 649 632 650 632 Bresenham
drawEllipse e9 708 506 680 606
drawEllipse e10 681 647 706 622
drawLine l16 685 522 702 510 Bresenham
drawLine l17 683 534 706 521 Bresenham
drawLine l18 679 550 706 531 Bresenham
drawLine l19 680 560 708 543 Bresenham
drawLine l20 681 574 709 557 Bresenham
drawLine l21 684 588 707 573 Bresenham
drawLine l22 688 600 705 589 Bresenham
drawPolyline b12 224 480 224 480 224 482 223 491 221 501 221 511 221 522 221 532 221 543 221 549 224 556 227 561 229 564 233 569 239 573 242 577 244 579 246 580 248 581 252 581 261 576 268 567 274 555 279 548 280 545 282 543 282 543 282 543 282 543 282 542 283 542 283 542 283 542 283 543 283 545 283 552 283 557 283 564 284 568 284 570 286 571 289 574 291 576 295 579 297 580 300 582 303 582 306 582 311 580 318 574 325 566 331 553 337 541 342 532 350 522 357 508 364 495 369 484 371 480 372 479 372 478 Bresenham

saveCanvas 2
